8.000000	2.500000e-19	0.000000e+00	0.300000	0.000000	0.700000	0.000000
9.000000	4.100000e-19	0.000000e+00	0.300000	0.000000	0.700000	0.000000
10.000000	5.800000e-19	0.000000e+00	0.300000	0.000000	0.700000	0.000000
11.000000	7.600000e-19	0.000000e+00	0.300000	0.000000	0.700000	0.000000
12.000000	9.600000e-19	0.000000e+00	0.300000	0.000000	0.700000	0.000000
13.000000	1.150000e-18	0.000000e+00	0.300000	0.000000	0.700000	0.000000
14.000000	1.350000e-18	0.000000e+00	0.300000	0.000000	0.700000	0.000000
15.000000	1.570000e-18	0.000000e+00	0.300000	0.000000	0.700000	0.000000
16.000000	1.850000e-18	0.000000e+00	0.300000	0.000000	0.700000	0.000000
17.000000	2.150000e-18	0.000000e+00	0.300000	0.000000	0.700000	0.000000
18.000000	2.470000e-18	0.000000e+00	0.300000	0.000000	0.700000	0.000000
19.000000	2.820000e-18	0.000000e+00	0.300000	0.000000	0.700000	0.000000
20.000000	3.180000e-18	0.000000e+00	0.300000	0.000000	0.700000	0.000000
21.000000	3.580000e-18	0.000000e+00	0.300000	0.000000	0.700000	0.000000
22.000000	4.000000e-18	0.000000e+00	0.300000	0.000000	0.700000	0.000000
23.000000	4.420000e-18	0.000000e+00	0.300000	0.000000	0.700000	0.000000
24.000000	4.900000e-18	0.000000e+00	0.300000	0.000000	0.700000	0.000000
25.000000	5.380000e-18	0.000000e+00	0.300000	0.000000	0.700000	0.000000
26.000000	5.880000e-18	0.000000e+00	0.300000	0.000000	0.700000	0.000000
27.000000	6.420000e-18	0.000000e+00	0.300000	0.000000	0.700000	0.000000
28.000000	6.950000e-18	0.000000e+00	0.300000	0.000000	0.700000	0.000000
29.000000	7.500000e-18	0.000000e+00	0.300000	0.000000	0.700000	0.000000
30.000000	8.100000e-18	0.000000e+00	0.300000	0.000000	0.700000	0.000000
31.000000	8.700000e-18	0.000000e+00	0.300000	0.000000	0.700000	0.000000
32.000000	9.300000e-18	0.000000e+00	0.300000	0.000000	0.700000	0.000000
33.000000	9.900000e-18	0.000000e+00	0.300000	0.000000	0.700000	0.000000
34.000000	1.050000e-17	0.000000e+00	0.300000	0.000000	0.700000	0.000000
35.000000	1.120000e-17	0.000000e+00	0.300000	0.000000	0.700000	0.000000
36.000000	1.200000e-17	0.000000e+00	0.300000	0.000000	0.700000	0.000000
37.000000	1.270000e-17	0.000000e+00	0.300000	0.000000	0.700000	0.000000
38.000000	1.350000e-17	0.000000e+00	0.300000	0.000000	0.700000	0.000000
39.000000	1.430000e-17	0.000000e+00	0.300000	0.000000	0.700000	0.000000
40.000000	1.510000e-17	0.000000e+00	0.300000	0.000000	0.700000	0.000000
41.000000	1.580000e-17	0.000000e+00	0.300000	0.000000	0.700000	0.000000
42.000000	1.650000e-17	0.000000e+00	0.300000	0.000000	0.700000	0.000000
43.000000	1.720000e-17	0.000000e+00	0.300000	0.000000	0.700000	0.000000
44.000000	1.790000e-17	0.000000e+00	0.300000	0.000000	0.700000	0.000000
45.000000	1.840000e-17	0.000000e+00	0.300000	0.000000	0.700000	0.000000
46.000000	1.880000e-17	0.000000e+00	0.300000	0.000000	0.700000	0.000000
47.000000	1.960000e-17	0.000000e+00	0.300000	0.000000	0.700000	0.000000
48.000000	2.050000e-17	0.000000e+00	0.300000	0.000000	0.700000	0.000000
49.000000	2.100000e-17	0.000000e+00	0.300000	0.000000	0.700000	0.000000
50.000000	2.170000e-17	0.000000e+00	0.300000	0.000000	0.700000	0.000000
51.000000	2.250000e-17	0.000000e+00	0.300000	0.000000	0.700000	0.000000
52.000000	2.330000e-17	0.000000e+00	0.300000	0.000000	0.700000	0.000000
53.000000	2.410000e-17	0.000000e+00	0.300000	0.000000	0.700000	0.000000
54.000000	2.470000e-17	0.000000e+00	0.300000	0.000000	0.700000	0.000000
55.000000	2.510000e-17	0.000000e+00	0.300000	0.000000	0.700000	0.000000
56.000000	2.560000e-17	0.000000e+00	0.300000	0.000000	0.700000	0.000000
57.000000	2.610000e-17	0.000000e+00	0.300000	0.000000	0.700000	0.000000
58.000000	2.670000e-17	0.000000e+00	0.300000	0.000000	0.700000	0.000000
59.000000	2.730000e-17	0.000000e+00	0.300000	0.000000	0.700000	0.000000
60.000000	2.790000e-17	0.000000e+00	0.300000	0.000000	0.700000	0.000000
61.000000	2.840000e-17	0.000000e+00	0.300000	0.000000	0.700000	0.000000
62.000000	2.880000e-17	0.000000e+00	0.300000	0.000000	0.700000	0.000000
63.000000	2.930000e-17	0.000000e+00	0.300000	0.000000	0.700000	0.000000
64.000000	2.960000e-17	0.000000e+00	0.300000	0.000000	0.700000	0.000000
65.000000	3.000000e-17	0.000000e+00	0.300000	0.000000	0.700000	0.000000
66.000000	3.030000e-17	0.000000e+00	0.300000	0.000000	0.700000	0.000000
67.000000	3.060000e-17	0.000000e+00	0.300000	0.000000	0.700000	0.000000
68.000000	3.080000e-17	0.000000e+00	0.300000	0.000000	0.700000	0.000000
69.000000	3.110000e-17	0.000000e+00	0.300000	0.000000	0.700000	0.000000
70.000000	3.140000e-17	0.000000e+00	0.300000	0.000000	0.700000	0.000000
71.000000	3.200000e-17	0.000000e+00	0.300000	0.000000	0.700000	0.000000
72.000000	3.250000e-17	0.000000e+00	0.300000	0.000000	0.700000	0.000000
73.000000	3.280000e-17	0.000000e+00	0.300000	0.000000	0.700000	0.000000
73.600000	3.300000e-17	0.000000e+00	0.300000	0.000000	0.700000	0.000000
74.000000	3.300000e-17	0.000000e+00	0.300000	0.000000	0.700000	0.000000
74.400000	3.310000e-17	0.000000e+00	0.300000	0.000000	0.700000	0.000000
75.000000	3.320000e-17	0.000000e+00	0.300000	0.000000	0.700000	0.000000
76.000000	3.320000e-17	0.000000e+00	0.300000	0.000000	0.700000	0.000000
77.000000	3.310000e-17	0.000000e+00	0.300000	0.000000	0.700000	0.000000
78.000000	3.290000e-17	0.000000e+00	0.300000	0.000000	0.700000	0.000000
79.000000	3.250000e-17	0.000000e+00	0.300000	0.000000	0.700000	0.000000
80.000000	3.210000e-17	0.000000e+00	0.300000	0.000000	0.700000	0.000000
81.000000	3.140000e-17	0.000000e+00	0.300000	0.000000	0.700000	0.000000
82.000000	3.050000e-17	0.000000e+00	0.300000	0.000000	0.700000	0.000000
83.000000	2.930000e-17	0.000000e+00	0.300000	0.000000	0.700000	0.000000
84.000000	2.820000e-17	0.000000e+00	0.300000	0.000000	0.700000	0.000000
85.000000	2.700000e-17	0.000000e+00	0.300000	0.000000	0.700000	0.000000
86.000000	2.600000e-17	0.000000e+00	0.300000	0.000000	0.700000	0.000000
87.000000	2.490000e-17	0.000000e+00	0.300000	0.000000	0.700000	0.000000
88.000000	2.380000e-17	0.000000e+00	0.300000	0.000000	0.700000	0.000000
89.000000	2.250000e-17	0.000000e+00	0.300000	0.000000	0.700000	0.000000
90.000000	2.120000e-17	0.000000e+00	0.300000	0.000000	0.700000	0.000000
91.000000	1.960000e-17	0.000000e+00	0.300000	0.000000	0.700000	0.000000
92.000000	1.780000e-17	0.000000e+00	0.300000	0.000000	0.700000	0.000000
93.000000	1.640000e-17	0.000000e+00	0.300000	0.000000	0.700000	0.000000
94.000000	1.570000e-17	0.000000e+00	0.300000	0.000000	0.700000	0.000000
95.000000	1.620000e-17	0.000000e+00	0.300000	0.000000	0.700000	0.000000
96.000000	1.700000e-17	0.000000e+00	0.300000	0.000000	0.700000	0.000000
97.000000	1.790000e-17	0.000000e+00	0.300000	0.000000	0.700000	0.000000
98.000000	1.900000e-17	0.000000e+00	0.300000	0.000000	0.700000	0.000000
99.000000	2.000000e-17	0.000000e+00	0.300000	0.000000	0.700000	0.000000
100.000000	2.090000e-17	0.000000e+00	0.300000	0.000000	0.700000	0.000000
101.000000	2.170000e-17	0.000000e+00	0.300000	0.000000	0.700000	0.000000
102.000000	2.230000e-17	0.000000e+00	0.300000	0.000000	0.700000	0.000000
103.000000	2.300000e-17	0.000000e+00	0.300000	0.000000	0.700000	0.000000
104.000000	2.440000e-17	0.000000e+00	0.300000	0.000000	0.700000	0.000000
105.000000	2.400000e-17	0.000000e+00	0.300000	0.000000	0.700000	0.000000
106.000000	2.500000e-17	0.000000e+00	0.300000	0.000000	0.700000	0.000000
106.000000	2.326113e-17	0.000000e+00	0.300000	0.000000	0.700000	0.000000
106.020000	2.371332e-17	0.000000e+00	0.300237	0.000000	0.699763	0.000000
106.040000	2.530289e-17	0.000000e+00	0.300475	0.000000	0.699525	0.000000
106.060000	2.588268e-17	0.000000e+00	0.300712	0.000000	0.699288	0.000000
106.080000	2.614765e-17	0.000000e+00	0.300949	0.000000	0.699051	0.000000
106.100000	2.777758e-17	0.000000e+00	0.301186	0.000000	0.698814	0.000000
106.120000	2.809591e-17	0.000000e+00	0.301424	0.000000	0.698576	0.000000
106.140000	2.688767e-17	0.000000e+00	0.301661	0.000000	0.698339	0.000000
106.160000	2.638463e-17	0.000000e+00	0.301898	0.000000	0.698102	0.000000
106.180000	2.417719e-17	0.000000e+00	0.302136	0.000000	0.697864	0.000000
106.200000	2.519792e-17	0.000000e+00	0.302373	0.000000	0.697627	0.000000
106.220000	2.532838e-17	0.000000e+00	0.302610	0.000000	0.697390	0.000000
106.240000	2.670248e-17	0.000000e+00	0.302847	0.000000	0.697153	0.000000
106.260000	2.466971e-17	0.000000e+00	0.303085	0.000000	0.696915	0.000000
106.280000	2.618641e-17	0.000000e+00	0.303322	0.000000	0.696678	0.000000
106.300000	2.451470e-17	0.000000e+00	0.303559	0.000000	0.696441	0.000000
106.320000	2.469980e-17	0.000000e+00	0.303797	0.000000	0.696203	0.000000
106.340000	2.465747e-17	0.000000e+00	0.304034	0.000000	0.695966	0.000000
106.360000	2.860143e-17	0.000000e+00	0.304271	0.000000	0.695729	0.000000
106.380000	2.437027e-17	0.000000e+00	0.304508	0.000000	0.695492	0.000000
106.400000	2.374458e-17	0.000000e+00	0.304746	0.000000	0.695254	0.000000
106.420000	2.586708e-17	0.000000e+00	0.304983	0.000000	0.695017	0.000000
106.440000	2.457157e-17	0.000000e+00	0.305220	0.000000	0.694780	0.000000
106.460000	2.567795e-17	0.000000e+00	0.305458	0.000000	0.694542	0.000000
106.480000	2.230507e-17	0.000000e+00	0.305695	0.000000	0.694305	0.000000
106.500000	2.458508e-17	0.000000e+00	0.305932	0.000000	0.694068	0.000000
106.520000	2.429186e-17	0.000000e+00	0.306169	0.000000	0.693831	0.000000
106.540000	2.756119e-17	0.000000e+00	0.306407	0.000000	0.693593	0.000000
106.560000	2.638009e-17	0.000000e+00	0.306644	0.000000	0.693356	0.000000
106.580000	2.679630e-17	0.000000e+00	0.306881	0.000000	0.693119	0.000000
106.600000	2.588141e-17	0.000000e+00	0.307119	0.000000	0.692881	0.000000
106.620000	2.435490e-17	0.000000e+00	0.307356	0.000000	0.692644	0.000000
106.640000	2.427345e-17	0.000000e+00	0.307593	0.000000	0.692407	0.000000
106.660000	2.687890e-17	0.000000e+00	0.307831	0.000000	0.692169	0.000000
106.680000	2.576729e-17	0.000000e+00	0.308068	0.000000	0.691932	0.000000
106.700000	2.452807e-17	0.000000e+00	0.308305	0.000000	0.691695	0.000000
106.720000	2.664540e-17	0.000000e+00	0.308542	0.000000	0.691458	0.000000
106.740000	2.379234e-17	0.000000e+00	0.308780	0.000000	0.691220	0.000000
106.760000	2.576133e-17	0.000000e+00	0.309017	0.000000	0.690983	0.000000
106.780000	2.585959e-17	0.000000e+00	0.309254	0.000000	0.690746	0.000000
106.800000	2.630702e-17	0.000000e+00	0.309492	0.000000	0.690508	0.000000
106.820000	2.463251e-17	0.000000e+00	0.309729	0.000000	0.690271	0.000000
106.840000	2.455871e-17	0.000000e+00	0.309966	0.000000	0.690034	0.000000
106.860000	2.676413e-17	0.000000e+00	0.310203	0.000000	0.689797	0.000000
106.880000	2.704493e-17	0.000000e+00	0.310441	0.000000	0.689559	0.000000
106.900000	2.731208e-17	0.000000e+00	0.310678	0.000000	0.689322	0.000000
106.920000	2.744019e-17	0.000000e+00	0.310915	0.000000	0.689085	0.000000
106.940000	2.534160e-17	0.000000e+00	0.311153	0.000000	0.688847	0.000000
106.960000	2.715228e-17	0.000000e+00	0.311390	0.000000	0.688610	0.000000
106.980000	2.341398e-17	0.000000e+00	0.311627	0.000000	0.688373	0.000000
107.000000	2.275695e-17	0.000000e+00	0.311864	0.000000	0.688136	0.000000
107.020000	2.654126e-17	0.000000e+00	0.312102	0.000000	0.687898	0.000000
107.040000	2.680205e-17	0.000000e+00	0.312339	0.000000	0.687661	0.000000
107.060000	2.532396e-17	0.000000e+00	0.312576	0.000000	0.687424	0.000000
107.080000	2.655852e-17	0.000000e+00	0.312814	0.000000	0.687186	0.000000
107.100000	2.400701e-17	0.000000e+00	0.313051	0.000000	0.686949	0.000000
107.120000	2.664533e-17	0.000000e+00	0.313288	0.000000	0.686712	0.000000
107.140000	2.433544e-17	0.000000e+00	0.313525	0.000000	0.686475	0.000000
107.160000	2.472474e-17	0.000000e+00	0.313763	0.000000	0.686237	0.000000
107.180000	2.667880e-17	0.000000e+00	0.314000	0.000000	0.686000	0.000000
107.200000	2.633465e-17	0.000000e+00	0.314237	0.000000	0.685763	0.000000
107.220000	2.615674e-17	0.000000e+00	0.314475	0.000000	0.685525	0.000000
107.240000	2.686800e-17	0.000000e+00	0.314712	0.000000	0.685288	0.000000
107.260000	2.449532e-17	0.000000e+00	0.314949	0.000000	0.685051	0.000000
107.280000	2.501471e-17	0.000000e+00	0.315186	0.000000	0.684814	0.000000
107.300000	2.494539e-17	0.000000e+00	0.315424	0.000000	0.684576	0.000000
107.320000	2.543630e-17	0.000000e+00	0.315661	0.000000	0.684339	0.000000
107.340000	2.331567e-17	0.000000e+00	0.315898	0.000000	0.684102	0.000000
107.360000	2.616603e-17	0.000000e+00	0.316136	0.000000	0.683864	0.000000
107.380000	2.574180e-17	0.000000e+00	0.316373	0.000000	0.683627	0.000000
107.400000	2.533358e-17	0.000000e+00	0.316610	0.000000	0.683390	0.000000
107.420000	2.538419e-17	0.000000e+00	0.316847	0.000000	0.683153	0.000000
107.440000	2.615218e-17	0.000000e+00	0.317085	0.000000	0.682915	0.000000
107.460000	2.709451e-17	0.000000e+00	0.317322	0.000000	0.682678	0.000000
107.480000	2.608013e-17	0.000000e+00	0.317559	0.000000	0.682441	0.000000
107.500000	2.496956e-17	0.000000e+00	0.317797	0.000000	0.682203	0.000000
107.520000	2.238863e-17	0.000000e+00	0.318034	0.000000	0.681966	0.000000
107.540000	2.509416e-17	0.000000e+00	0.318271	0.000000	0.681729	0.000000
107.560000	2.400584e-17	0.000000e+00	0.318508	0.000000	0.681492	0.000000
107.580000	2.556854e-17	0.000000e+00	0.318746	0.000000	0.681254	0.000000
107.600000	2.580393e-17	0.000000e+00	0.318983	0.000000	0.681017	0.000000
107.620000	2.404962e-17	0.000000e+00	0.319220	0.000000	0.680780	0.000000
107.640000	2.549120e-17	0.000000e+00	0.319458	0.000000	0.680542	0.000000
107.660000	2.389928e-17	0.000000e+00	0.319695	0.000000	0.680305	0.000000
107.680000	2.292864e-17	0.000000e+00	0.319932	0.000000	0.680068	0.000000
107.700000	2.401839e-17	0.000000e+00	0.320169	0.000000	0.679831	0.000000
107.720000	2.640842e-17	0.000000e+00	0.320407	0.000000	0.679593	0.000000
107.740000	2.423437e-17	0.000000e+00	0.320644	0.000000	0.679356	0.000000
107.760000	2.277854e-17	0.000000e+00	0.320881	0.000000	0.679119	0.000000
107.780000	2.438931e-17	0.000000e+00	0.321119	0.000000	0.678881	0.000000
107.800000	2.516688e-17	0.000000e+00	0.321356	0.000000	0.678644	0.000000
107.820000	2.561383e-17	0.000000e+00	0.321593	0.000000	0.678407	0.000000
107.840000	2.452681e-17	0.000000e+00	0.321831	0.000000	0.678169	0.000000
107.860000	2.415455e-17	0.000000e+00	0.322068	0.000000	0.677932	0.000000
107.880000	2.578378e-17	0.000000e+00	0.322305	0.000000	0.677695	0.000000
107.900000	2.468629e-17	0.000000e+00	0.322542	0.000000	0.677458	0.000000
107.920000	2.426213e-17	0.000000e+00	0.322780	0.000000	0.677220	0.000000
107.940000	2.415609e-17	0.000000e+00	0.323017	0.000000	0.676983	0.000000
107.960000	2.612663e-17	0.000000e+00	0.323254	0.000000	0.676746	0.000000
107.980000	2.525704e-17	0.000000e+00	0.323492	0.000000	0.676508	0.000000
108.000000	2.684053e-17	0.000000e+00	0.323729	0.000000	0.676271	0.000000
108.020000	2.340278e-17	0.000000e+00	0.323966	0.000000	0.676034	0.000000
108.040000	2.552456e-17	0.000000e+00	0.324203	0.000000	0.675797	0.000000
108.060000	2.476437e-17	0.000000e+00	0.324441	0.000000	0.675559	0.000000
108.080000	2.505035e-17	0.000000e+00	0.324678	0.000000	0.675322	0.000000
108.100000	2.565951e-17	0.000000e+00	0.324915	0.000000	0.675085	0.000000
108.120000	2.466167e-17	0.000000e+00	0.325153	0.000000	0.674847	0.000000
108.140000	2.659733e-17	0.000000e+00	0.325390	0.000000	0.674610	0.000000
108.160000	2.444045e-17	0.000000e+00	0.325627	0.000000	0.674373	0.000000
108.180000	2.526508e-17	0.000000e+00	0.325864	0.000000	0.674136	0.000000
108.200000	2.495496e-17	0.000000e+00	0.326102	0.000000	0.673898	0.000000
108.220000	2.595592e-17	0.000000e+00	0.326339	0.000000	0.673661	0.000000
108.240000	2.707110e-17	0.000000e+00	0.326576	0.000000	0.673424	0.000000
108.260000	2.541973e-17	0.000000e+00	0.326814	0.000000	0.673186	0.000000
108.280000	2.270275e-17	0.000000e+00	0.327051	0.000000	0.672949	0.000000
108.300000	2.643836e-17	0.000000e+00	0.327288	0.000000	0.672712	0.000000
108.320000	2.516206e-17	0.000000e+00	0.327525	0.000000	0.672475	0.000000
108.340000	2.530038e-17	0.000000e+00	0.327763	0.000000	0.672237	0.000000
108.360000	2.448338e-17	0.000000e+00	0.328000	0.000000	0.672000	0.000000
108.380000	2.633309e-17	0.000000e+00	0.328237	0.000000	0.671763	0.000000
108.400000	2.555033e-17	0.000000e+00	0.328475	0.000000	0.671525	0.000000
108.420000	2.581172e-17	0.000000e+00	0.328712	0.000000	0.671288	0.000000
108.440000	2.532335e-17	0.000000e+00	0.328949	0.000000	0.671051	0.000000
108.460000	2.582468e-17	0.000000e+00	0.329186	0.000000	0.670814	0.000000
108.480000	2.504701e-17	0.000000e+00	0.329424	0.000000	0.670576	0.000000
108.500000	2.401047e-17	0.000000e+00	0.329661	0.000000	0.670339	0.000000
108.520000	2.514313e-17	0.000000e+00	0.329898	0.000000	0.670102	0.000000
108.540000	2.566023e-17	0.000000e+00	0.330136	0.000000	0.669864	0.000000
108.560000	2.434983e-17	0.000000e+00	0.330373	0.000000	0.669627	0.000000
108.580000	2.481908e-17	0.000000e+00	0.330610	0.000000	0.669390	0.000000
108.600000	2.661092e-17	0.000000e+00	0.330847	0.000000	0.669153	0.000000
108.620000	2.342274e-17	0.000000e+00	0.331085	0.000000	0.668915	0.000000
108.640000	2.594482e-17	0.000000e+00	0.331322	0.000000	0.668678	0.000000
108.660000	2.591118e-17	0.000000e+00	0.331559	0.000000	0.668441	0.000000
108.680000	2.620427e-17	0.000000e+00	0.331797	0.000000	0.668203	0.000000
108.700000	2.325433e-17	0.000000e+00	0.332034	0.000000	0.667966	0.000000
108.720000	2.593881e-17	0.000000e+00	0.332271	0.000000	0.667729	0.000000
108.740000	2.389304e-17	0.000000e+00	0.332508	0.000000	0.667492	0.000000
108.760000	2.599738e-17	0.000000e+00	0.332746	0.000000	0.667254	0.000000
108.780000	2.651907e-17	0.000000e+00	0.332983	0.000000	0.667017	0.000000
108.800000	2.339613e-17	0.000000e+00	0.333220	0.000000	0.666780	0.000000
108.820000	2.407759e-17	0.000000e+00	0.333458	0.000000	0.666542	0.000000
108.840000	2.425150e-17	0.000000e+00	0.333695	0.000000	0.666305	0.000000
108.860000	2.459053e-17	0.000000e+00	0.333932	0.000000	0.666068	0.000000
108.880000	2.257440e-17	0.000000e+00	0.334169	0.000000	0.665831	0.000000
108.900000	2.557288e-17	0.000000e+00	0.334407	0.000000	0.665593	0.000000
108.920000	2.428629e-17	0.000000e+00	0.334644	0.000000	0.665356	0.000000
108.940000	2.323806e-17	0.000000e+00	0.334881	0.000000	0.665119	0.000000
108.960000	2.520837e-17	0.000000e+00	0.335119	0.000000	0.664881	0.000000
108.980000	2.433953e-17	0.000000e+00	0.335356	0.000000	0.664644	0.000000
109.000000	2.292846e-17	0.000000e+00	0.335593	0.000000	0.664407	0.000000
109.020000	2.544330e-17	0.000000e+00	0.335831	0.000000	0.664169	0.000000
109.040000	2.440662e-17	0.000000e+00	0.336068	0.000000	0.663932	0.000000
109.060000	2.383110e-17	0.000000e+00	0.336305	0.000000	0.663695	0.000000
109.080000	2.266553e-17	0.000000e+00	0.336542	0.000000	0.663458	0.000000
109.100000	2.693409e-17	0.000000e+00	0.336780	0.000000	0.663220	0.000000
109.120000	2.322850e-17	0.000000e+00	0.337017	0.000000	0.662983	0.000000
109.140000	2.460510e-17	0.000000e+00	0.337254	0.000000	0.662746	0.000000
109.160000	2.498916e-17	0.000000e+00	0.337492	0.000000	0.662508	0.000000
109.180000	2.491624e-17	0.000000e+00	0.337729	0.000000	0.662271	0.000000
109.200000	2.413432e-17	0.000000e+00	0.337966	0.000000	0.662034	0.000000
109.220000	2.252583e-17	0.000000e+00	0.338203	0.000000	0.661797	0.000000
109.240000	2.455038e-17	0.000000e+00	0.338441	0.000000	0.661559	0.000000
109.260000	2.294373e-17	0.000000e+00	0.338678	0.000000	0.661322	0.000000
109.280000	2.508501e-17	0.000000e+00	0.338915	0.000000	0.661085	0.000000
109.300000	2.627694e-17	0.000000e+00	0.339153	0.000000	0.660847	0.000000
109.320000	2.241534e-17	0.000000e+00	0.339390	0.000000	0.660610	0.000000
109.340000	2.458824e-17	0.000000e+00	0.339627	0.000000	0.660373	0.000000
109.360000	2.500175e-17	0.000000e+00	0.339864	0.000000	0.660136	0.000000
109.380000	2.569852e-17	0.000000e+00	0.340102	0.000000	0.659898	0.000000
109.400000	2.476028e-17	0.000000e+00	0.340339	0.000000	0.659661	0.000000
109.420000	2.602414e-17	0.000000e+00	0.340576	0.000000	0.659424	0.000000
109.440000	2.523045e-17	0.000000e+00	0.340814	0.000000	0.659186	0.000000
109.460000	2.522543e-17	0.000000e+00	0.341051	0.000000	0.658949	0.000000
109.480000	2.570862e-17	0.000000e+00	0.341288	0.000000	0.658712	0.000000
109.500000	2.490284e-17	0.000000e+00	0.341525	0.000000	0.658475	0.000000
109.520000	2.569804e-17	0.000000e+00	0.341763	0.000000	0.658237	0.000000
109.540000	2.325296e-17	0.000000e+00	0.342000	0.000000	0.658000	0.000000
109.560000	2.521188e-17	0.000000e+00	0.342237	0.000000	0.657763	0.000000
109.580000	2.435073e-17	0.000000e+00	0.342475	0.000000	0.657525	0.000000
109.600000	2.563619e-17	0.000000e+00	0.342712	0.000000	0.657288	0.000000
109.620000	2.479075e-17	0.000000e+00	0.342949	0.000000	0.657051	0.000000
109.640000	2.421182e-17	0.000000e+00	0.343186	0.000000	0.656814	0.000000
109.660000	2.311990e-17	0.000000e+00	0.343424	0.000000	0.656576	0.000000
109.680000	2.510691e-17	0.000000e+00	0.343661	0.000000	0.656339	0.000000
109.700000	2.568438e-17	0.000000e+00	0.343898	0.000000	0.656102	0.000000
109.720000	2.545667e-17	0.000000e+00	0.344136	0.000000	0.655864	0.000000
109.740000	2.265714e-17	0.000000e+00	0.344373	0.000000	0.655627	0.000000
109.760000	2.389489e-17	0.000000e+00	0.344610	0.000000	0.655390	0.000000
109.780000	2.544925e-17	0.000000e+00	0.344847	0.000000	0.655153	0.000000
109.800000	2.394125e-17	0.000000e+00	0.345085	0.000000	0.654915	0.000000
109.820000	2.453878e-17	0.000000e+00	0.345322	0.000000	0.654678	0.000000
109.840000	2.583716e-17	0.000000e+00	0.345559	0.000000	0.654441	0.000000
109.860000	2.518692e-17	0.000000e+00	0.345797	0.000000	0.654203	0.000000
109.880000	2.487650e-17	0.000000e+00	0.346034	0.000000	0.653966	0.000000
109.900000	2.377797e-17	0.000000e+00	0.346271	0.000000	0.653729	0.000000
109.920000	2.344981e-17	0.000000e+00	0.346508	0.000000	0.653492	0.000000
109.940000	2.353783e-17	0.000000e+00	0.346746	0.000000	0.653254	0.000000
109.960000	2.588231e-17	0.000000e+00	0.346983	0.000000	0.653017	0.000000
109.980000	2.427221e-17	0.000000e+00	0.347220	0.000000	0.652780	0.000000
110.000000	2.674761e-17	0.000000e+00	0.347458	0.000000	0.652542	0.000000
110.020000	2.428006e-17	0.000000e+00	0.347695	0.000000	0.652305	0.000000
110.040000	2.537609e-17	0.000000e+00	0.347932	0.000000	0.652068	0.000000
110.060000	2.336644e-17	0.000000e+00	0.348169	0.000000	0.651831	0.000000
110.080000	2.479796e-17	0.000000e+00	0.348407	0.000000	0.651593	0.000000
110.100000	2.290860e-17	0.000000e+00	0.348644	0.000000	0.651356	0.000000
110.120000	2.398552e-17	0.000000e+00	0.348881	0.000000	0.651119	0.000000
110.140000	2.381312e-17	0.000000e+00	0.349119	0.000000	0.650881	0.000000
110.160000	2.756928e-17	0.000000e+00	0.349356	0.000000	0.650644	0.000000
110.180000	2.430713e-17	0.000000e+00	0.349593	0.000000	0.650407	0.000000
110.200000	2.417014e-17	0.000000e+00	0.349831	0.000000	0.650169	0.000000
110.220000	2.512261e-17	0.000000e+00	0.350068	0.000000	0.649932	0.000000
110.240000	2.404172e-17	0.000000e+00	0.350305	0.000000	0.649695	0.000000
110.260000	2.417355e-17	0.000000e+00	0.350542	0.000000	0.649458	0.000000
110.280000	2.284593e-17	0.000000e+00	0.350780	0.000000	0.649220	0.000000
110.300000	2.377115e-17	0.000000e+00	0.351017	0.000000	0.648983	0.000000
110.320000	2.399208e-17	0.000000e+00	0.351254	0.000000	0.648746	0.000000
110.340000	2.338913e-17	0.000000e+00	0.351492	0.000000	0.648508	0.000000
110.360000	2.455191e-17	0.000000e+00	0.351729	0.000000	0.648271	0.000000
110.380000	2.299851e-17	0.000000e+00	0.351966	0.000000	0.648034	0.000000
110.400000	2.163224e-17	0.000000e+00	0.352203	0.000000	0.647797	0.000000
110.420000	2.265057e-17	0.000000e+00	0.352441	0.000000	0.647559	0.000000
110.440000	2.384167e-17	0.000000e+00	0.352678	0.000000	0.647322	0.000000
110.460000	2.372450e-17	0.000000e+00	0.352915	0.000000	0.647085	0.000000
110.480000	2.541237e-17	0.000000e+00	0.353153	0.000000	0.646847	0.000000
110.500000	2.519826e-17	0.000000e+00	0.353390	0.000000	0.646610	0.000000
110.520000	2.287694e-17	0.000000e+00	0.353627	0.000000	0.646373	0.000000
110.540000	2.243974e-17	0.000000e+00	0.353864	0.000000	0.646136	0.000000
110.560000	2.409819e-17	0.000000e+00	0.354102	0.000000	0.645898	0.000000
110.580000	2.337266e-17	0.000000e+00	0.354339	0.000000	0.645661	0.000000
110.600000	2.341830e-17	0.000000e+00	0.354576	0.000000	0.645424	0.000000
110.620000	2.374738e-17	0.000000e+00	0.354814	0.000000	0.645186	0.000000
110.640000	2.429607e-17	0.000000e+00	0.355051	0.000000	0.644949	0.000000
110.660000	2.370290e-17	0.000000e+00	0.355288	0.000000	0.644712	0.000000
110.680000	2.434189e-17	0.000000e+00	0.355525	0.000000	0.644475	0.000000
110.700000	2.517901e-17	0.000000e+00	0.355763	0.000000	0.644237	0.000000
110.720000	2.305874e-17	0.000000e+00	0.356000	0.000000	0.644000	0.000000
110.740000	2.355745e-17	0.000000e+00	0.356237	0.000000	0.643763	0.000000
110.760000	2.525540e-17	0.000000e+00	0.356475	0.000000	0.643525	0.000000
110.780000	2.488215e-17	0.000000e+00	0.356712	0.000000	0.643288	0.000000
110.800000	2.471879e-17	0.000000e+00	0.356949	0.000000	0.643051	0.000000
110.820000	2.439985e-17	0.000000e+00	0.357186	0.000000	0.642814	0.000000
110.840000	2.384179e-17	0.000000e+00	0.357424	0.000000	0.642576	0.000000
110.860000	2.463060e-17	0.000000e+00	0.357661	0.000000	0.642339	0.000000
110.880000	2.399991e-17	0.000000e+00	0.357898	0.000000	0.642102	0.000000
110.900000	2.382390e-17	0.000000e+00	0.358136	0.000000	0.641864	0.000000
110.920000	2.402894e-17	0.000000e+00	0.358373	0.000000	0.641627	0.000000
110.940000	2.458290e-17	0.000000e+00	0.358610	0.000000	0.641390	0.000000
110.960000	2.486028e-17	0.000000e+00	0.358847	0.000000	0.641153	0.000000
110.980000	2.294056e-17	0.000000e+00	0.359085	0.000000	0.640915	0.000000
111.000000	2.338628e-17	0.000000e+00	0.359322	0.000000	0.640678	0.000000
111.020000	2.505219e-17	0.000000e+00	0.359559	0.000000	0.640441	0.000000
111.040000	2.506670e-17	0.000000e+00	0.359797	0.000000	0.640203	0.000000
111.060000	2.605124e-17	0.000000e+00	0.360034	0.000000	0.639966	0.000000
111.080000	2.514007e-17	0.000000e+00	0.360271	0.000000	0.639729	0.000000
111.100000	2.440877e-17	0.000000e+00	0.360508	0.000000	0.639492	0.000000
111.120000	2.318949e-17	0.000000e+00	0.360746	0.000000	0.639254	0.000000
111.140000	2.632575e-17	0.000000e+00	0.360983	0.000000	0.639017	0.000000
111.160000	2.338684e-17	0.000000e+00	0.361220	0.000000	0.638780	0.000000
111.180000	2.454970e-17	0.000000e+00	0.361458	0.000000	0.638542	0.000000
111.200000	2.398781e-17	0.000000e+00	0.361695	0.000000	0.638305	0.000000
111.220000	2.182001e-17	0.000000e+00	0.361932	0.000000	0.638068	0.000000
111.240000	2.350737e-17	0.000000e+00	0.362169	0.000000	0.637831	0.000000
111.260000	2.544910e-17	0.000000e+00	0.362407	0.000000	0.637593	0.000000
111.280000	2.316898e-17	0.000000e+00	0.362644	0.000000	0.637356	0.000000
111.300000	2.513515e-17	0.000000e+00	0.362881	0.000000	0.637119	0.000000
111.320000	2.486905e-17	0.000000e+00	0.363119	0.000000	0.636881	0.000000
111.340000	2.486367e-17	0.000000e+00	0.363356	0.000000	0.636644	0.000000
111.360000	2.393544e-17	0.000000e+00	0.363593	0.000000	0.636407	0.000000
111.380000	2.500876e-17	0.000000e+00	0.363831	0.000000	0.636169	0.000000
111.400000	2.201162e-17	0.000000e+00	0.364068	0.000000	0.635932	0.000000
111.420000	2.291697e-17	0.000000e+00	0.364305	0.000000	0.635695	0.000000
111.440000	2.222240e-17	0.000000e+00	0.364542	0.000000	0.635458	0.000000
111.460000	2.264237e-17	0.000000e+00	0.364780	0.000000	0.635220	0.000000
111.480000	2.008936e-17	0.000000e+00	0.365017	0.000000	0.634983	0.000000
111.500000	2.289780e-17	0.000000e+00	0.365254	0.000000	0.634746	0.000000
111.520000	2.190496e-17	0.000000e+00	0.365492	0.000000	0.634508	0.000000
111.540000	2.271722e-17	0.000000e+00	0.365729	0.000000	0.634271	0.000000
111.560000	2.229926e-17	0.000000e+00	0.365966	0.000000	0.634034	0.000000
111.580000	2.292658e-17	0.000000e+00	0.366203	0.000000	0.633797	0.000000
111.600000	2.165911e-17	0.000000e+00	0.366441	0.000000	0.633559	0.000000
111.620000	2.147581e-17	0.000000e+00	0.366678	0.000000	0.633322	0.000000
111.640000	2.157944e-17	0.000000e+00	0.366915	0.000000	0.633085	0.000000
111.660000	2.116574e-17	0.000000e+00	0.367153	0.000000	0.632847	0.000000
111.680000	2.190492e-17	0.000000e+00	0.367390	0.000000	0.632610	0.000000
111.700000	2.300580e-17	0.000000e+00	0.367627	0.000000	0.632373	0.000000
111.720000	2.245532e-17	0.000000e+00	0.367864	0.000000	0.632136	0.000000
111.740000	2.308605e-17	0.000000e+00	0.368102	0.000000	0.631898	0.000000
111.760000	2.204753e-17	0.000000e+00	0.368339	0.000000	0.631661	0.000000
111.780000	2.249870e-17	0.000000e+00	0.368576	0.000000	0.631424	0.000000
111.800000	2.205229e-17	0.000000e+00	0.368814	0.000000	0.631186	0.000000
111.820000	2.380426e-17	0.000000e+00	0.369051	0.000000	0.630949	0.000000
111.840000	2.473431e-17	0.000000e+00	0.369288	0.000000	0.630712	0.000000
111.860000	2.259256e-17	0.000000e+00	0.369525	0.000000	0.630475	0.000000
111.880000	2.334781e-17	0.000000e+00	0.369763	0.000000	0.630237	0.000000
111.900000	2.188167e-17	0.000000e+00	0.370000	0.000000	0.630000	0.000000
111.920000	2.132980e-17	0.000000e+00	0.370237	0.000000	0.629763	0.000000
111.940000	2.238523e-17	0.000000e+00	0.370475	0.000000	0.629525	0.000000
111.960000	2.187536e-17	0.000000e+00	0.370712	0.000000	0.629288	0.000000
111.980000	2.144763e-17	0.000000e+00	0.370949	0.000000	0.629051	0.000000
112.000000	2.133628e-17	0.000000e+00	0.371186	0.000000	0.628814	0.000000
112.020000	2.314753e-17	0.000000e+00	0.371424	0.000000	0.628576	0.000000
112.040000	2.180195e-17	0.000000e+00	0.371661	0.000000	0.628339	0.000000
112.060000	2.288197e-17	0.000000e+00	0.371898	0.000000	0.628102	0.000000
112.080000	2.315148e-17	0.000000e+00	0.372136	0.000000	0.627864	0.000000
112.100000	2.249235e-17	0.000000e+00	0.372373	0.000000	0.627627	0.000000
112.120000	2.298881e-17	0.000000e+00	0.372610	0.000000	0.627390	0.000000
112.140000	2.188148e-17	0.000000e+00	0.372847	0.000000	0.627153	0.000000
112.160000	2.393726e-17	0.000000e+00	0.373085	0.000000	0.626915	0.000000
112.180000	2.284450e-17	0.000000e+00	0.373322	0.000000	0.626678	0.000000
112.200000	2.321232e-17	0.000000e+00	0.373559	0.000000	0.626441	0.000000
112.220000	2.128112e-17	0.000000e+00	0.373797	0.000000	0.626203	0.000000
112.240000	2.487971e-17	0.000000e+00	0.374034	0.000000	0.625966	0.000000
112.260000	2.320514e-17	0.000000e+00	0.374271	0.000000	0.625729	0.000000
112.280000	2.335123e-17	0.000000e+00	0.374508	0.000000	0.625492	0.000000
112.300000	2.361857e-17	0.000000e+00	0.374746	0.000000	0.625254	0.000000
112.320000	2.322682e-17	0.000000e+00	0.374983	0.000000	0.625017	0.000000
112.340000	2.394051e-17	0.000000e+00	0.375220	0.000000	0.624780	0.000000
112.360000	2.364546e-17	0.000000e+00	0.375458	0.000000	0.624542	0.000000
112.380000	2.346149e-17	0.000000e+00	0.375695	0.000000	0.624305	0.000000
112.400000	2.305246e-17	0.000000e+00	0.375932	0.000000	0.624068	0.000000
112.420000	2.242407e-17	0.000000e+00	0.376169	0.000000	0.623831	0.000000
112.440000	2.499468e-17	0.000000e+00	0.376407	0.000000	0.623593	0.000000
112.460000	2.497048e-17	0.000000e+00	0.376644	0.000000	0.623356	0.000000
112.480000	2.555858e-17	0.000000e+00	0.376881	0.000000	0.623119	0.000000
112.500000	2.403040e-17	0.000000e+00	0.377119	0.000000	0.622881	0.000000
112.520000	2.161267e-17	0.000000e+00	0.377356	0.000000	0.622644	0.000000
112.540000	2.266050e-17	0.000000e+00	0.377593	0.000000	0.622407	0.000000
112.560000	2.344175e-17	0.000000e+00	0.377831	0.000000	0.622169	0.000000
112.580000	2.312747e-17	0.000000e+00	0.378068	0.000000	0.621932	0.000000
112.600000	2.164009e-17	0.000000e+00	0.378305	0.000000	0.621695	0.000000
112.620000	2.206772e-17	0.000000e+00	0.378542	0.000000	0.621458	0.000000
112.640000	2.288632e-17	0.000000e+00	0.378780	0.000000	0.621220	0.000000
112.660000	2.538766e-17	0.000000e+00	0.379017	0.000000	0.620983	0.000000
112.680000	2.165818e-17	0.000000e+00	0.379254	0.000000	0.620746	0.000000
112.700000	2.126376e-17	0.000000e+00	0.379492	0.000000	0.620508	0.000000
112.720000	2.143575e-17	0.000000e+00	0.379729	0.000000	0.620271	0.000000
112.740000	1.961607e-17	0.000000e+00	0.379966	0.000000	0.620034	0.000000
112.760000	2.122360e-17	0.000000e+00	0.380203	0.000000	0.619797	0.000000
112.780000	2.150789e-17	0.000000e+00	0.380441	0.000000	0.619559	0.000000
112.800000	2.053193e-17	0.000000e+00	0.380678	0.000000	0.619322	0.000000
112.820000	2.082029e-17	0.000000e+00	0.380915	0.000000	0.619085	0.000000
112.840000	2.202192e-17	0.000000e+00	0.381153	0.000000	0.618847	0.000000
112.860000	2.174391e-17	0.000000e+00	0.381390	0.000000	0.618610	0.000000
112.880000	2.146009e-17	0.000000e+00	0.381627	0.000000	0.618373	0.000000
112.900000	1.834609e-17	0.000000e+00	0.381864	0.000000	0.618136	0.000000
112.920000	2.136459e-17	0.000000e+00	0.382102	0.000000	0.617898	0.000000
112.940000	2.203522e-17	0.000000e+00	0.382339	0.000000	0.617661	0.000000
112.960000	1.924216e-17	0.000000e+00	0.382576	0.000000	0.617424	0.000000
112.980000	2.085748e-17	0.000000e+00	0.382814	0.000000	0.617186	0.000000
113.000000	2.032947e-17	0.000000e+00	0.383051	0.000000	0.616949	0.000000
113.020000	2.128585e-17	0.000000e+00	0.383288	0.000000	0.616712	0.000000
113.040000	1.908859e-17	0.000000e+00	0.383525	0.000000	0.616475	0.000000
113.060000	2.143331e-17	0.000000e+00	0.383763	0.000000	0.616237	0.000000
113.080000	2.090467e-17	0.000000e+00	0.384000	0.000000	0.616000	0.000000
113.100000	2.082397e-17	0.000000e+00	0.384237	0.000000	0.615763	0.000000
113.120000	2.065849e-17	0.000000e+00	0.384475	0.000000	0.615525	0.000000
113.140000	1.991611e-17	0.000000e+00	0.384712	0.000000	0.615288	0.000000
113.160000	2.211853e-17	0.000000e+00	0.384949	0.000000	0.615051	0.000000
113.180000	2.174158e-17	0.000000e+00	0.385186	0.000000	0.614814	0.000000
113.200000	2.184499e-17	0.000000e+00	0.385424	0.000000	0.614576	0.000000
113.220000	2.171300e-17	0.000000e+00	0.385661	0.000000	0.614339	0.000000
113.240000	2.089127e-17	0.000000e+00	0.385898	0.000000	0.614102	0.000000
113.260000	2.083647e-17	0.000000e+00	0.386136	0.000000	0.613864	0.000000
113.280000	2.113474e-17	0.000000e+00	0.386373	0.000000	0.613627	0.000000
113.300000	2.030812e-17	0.000000e+00	0.386610	0.000000	0.613390	0.000000
113.320000	2.003711e-17	0.000000e+00	0.386847	0.000000	0.613153	0.000000
113.340000	2.061144e-17	0.000000e+00	0.387085	0.000000	0.612915	0.000000
113.360000	2.025141e-17	0.000000e+00	0.387322	0.000000	0.612678	0.000000
113.380000	2.123461e-17	0.000000e+00	0.387559	0.000000	0.612441	0.000000
113.400000	2.051294e-17	0.000000e+00	0.387797	0.000000	0.612203	0.000000
113.420000	2.056213e-17	0.000000e+00	0.388034	0.000000	0.611966	0.000000
113.440000	1.997325e-17	0.000000e+00	0.388271	0.000000	0.611729	0.000000
113.460000	2.039358e-17	0.000000e+00	0.388508	0.000000	0.611492	0.000000
113.480000	2.153957e-17	0.000000e+00	0.388746	0.000000	0.611254	0.000000
113.500000	2.070638e-17	0.000000e+00	0.388983	0.000000	0.611017	0.000000
113.520000	2.175908e-17	0.000000e+00	0.389220	0.000000	0.610780	0.000000
113.540000	2.174113e-17	0.000000e+00	0.389458	0.000000	0.610542	0.000000
113.560000	2.148140e-17	0.000000e+00	0.389695	0.000000	0.610305	0.000000
113.580000	2.091791e-17	0.000000e+00	0.389932	0.000000	0.610068	0.000000
113.600000	2.050618e-17	0.000000e+00	0.390169	0.000000	0.609831	0.000000
113.620000	2.231653e-17	0.000000e+00	0.390407	0.000000	0.609593	0.000000
113.640000	2.072359e-17	0.000000e+00	0.390644	0.000000	0.609356	0.000000
113.660000	2.157762e-17	0.000000e+00	0.390881	0.000000	0.609119	0.000000
113.680000	2.247871e-17	0.000000e+00	0.391119	0.000000	0.608881	0.000000
113.700000	2.115576e-17	0.000000e+00	0.391356	0.000000	0.608644	0.000000
113.720000	2.290283e-17	0.000000e+00	0.391593	0.000000	0.608407	0.000000
113.740000	1.982180e-17	0.000000e+00	0.391831	0.000000	0.608169	0.000000
113.760000	2.145703e-17	0.000000e+00	0.392068	0.000000	0.607932	0.000000
113.780000	2.241965e-17	0.000000e+00	0.392305	0.000000	0.607695	0.000000
113.800000	2.177588e-17	0.000000e+00	0.392542	0.000000	0.607458	0.000000
113.820000	2.308890e-17	0.000000e+00	0.392780	0.000000	0.607220	0.000000
113.840000	2.389204e-17	0.000000e+00	0.393017	0.000000	0.606983	0.000000
113.860000	2.245123e-17	0.000000e+00	0.393254	0.000000	0.606746	0.000000
113.880000	2.126275e-17	0.000000e+00	0.393492	0.000000	0.606508	0.000000
113.900000	2.094813e-17	0.000000e+00	0.393729	0.000000	0.606271	0.000000
113.920000	2.103438e-17	0.000000e+00	0.393966	0.000000	0.606034	0.000000
113.940000	2.042622e-17	0.000000e+00	0.394203	0.000000	0.605797	0.000000
113.960000	1.946819e-17	0.000000e+00	0.394441	0.000000	0.605559	0.000000
113.980000	2.198733e-17	0.000000e+00	0.394678	0.000000	0.605322	0.000000
114.000000	2.265543e-17	0.000000e+00	0.394915	0.000000	0.605085	0.000000
114.020000	2.060769e-17	0.000000e+00	0.395153	0.000000	0.604847	0.000000
114.040000	2.057221e-17	0.000000e+00	0.395390	0.000000	0.604610	0.000000
114.060000	2.041547e-17	0.000000e+00	0.395627	0.000000	0.604373	0.000000
114.080000	1.941138e-17	0.000000e+00	0.395864	0.000000	0.604136	0.000000
114.100000	1.931797e-17	0.000000e+00	0.396102	0.000000	0.603898	0.000000
114.120000	1.865018e-17	0.000000e+00	0.396339	0.000000	0.603661	0.000000
114.140000	1.777549e-17	0.000000e+00	0.396576	0.000000	0.603424	0.000000
114.160000	1.893769e-17	0.000000e+00	0.396814	0.000000	0.603186	0.000000
114.180000	1.929205e-17	0.000000e+00	0.397051	0.000000	0.602949	0.000000
114.200000	1.921080e-17	0.000000e+00	0.397288	0.000000	0.602712	0.000000
114.220000	1.800121e-17	0.000000e+00	0.397525	0.000000	0.602475	0.000000
114.240000	1.755125e-17	0.000000e+00	0.397763	0.000000	0.602237	0.000000
114.260000	1.857115e-17	0.000000e+00	0.398000	0.000000	0.602000	0.000000
114.280000	1.941882e-17	0.000000e+00	0.398237	0.000000	0.601763	0.000000
114.300000	1.783138e-17	0.000000e+00	0.398475	0.000000	0.601525	0.000000
114.320000	1.859336e-17	0.000000e+00	0.398712	0.000000	0.601288	0.000000
114.340000	1.658665e-17	0.000000e+00	0.398949	0.000000	0.601051	0.000000
114.360000	1.707718e-17	0.000000e+00	0.399186	0.000000	0.600814	0.000000
114.380000	1.864237e-17	0.000000e+00	0.399424	0.000000	0.600576	0.000000
114.400000	1.787595e-17	0.000000e+00	0.399661	0.000000	0.600339	0.000000
114.420000	1.870014e-17	0.000000e+00	0.399898	0.000000	0.600102	0.000000
114.440000	1.743898e-17	0.000000e+00	0.400136	0.000000	0.599864	0.000000
114.460000	1.787076e-17	0.000000e+00	0.400373	0.000000	0.599627	0.000000
114.480000	2.166757e-17	0.000000e+00	0.400610	0.000000	0.599390	0.000000
114.500000	1.927519e-17	0.000000e+00	0.400847	0.000000	0.599153	0.000000
114.520000	1.769664e-17	0.000000e+00	0.401085	0.000000	0.598915	0.000000
114.540000	1.884424e-17	0.000000e+00	0.401322	0.000000	0.598678	0.000000
114.560000	1.998177e-17	0.000000e+00	0.401559	0.000000	0.598441	0.000000
114.580000	1.858936e-17	0.000000e+00	0.401797	0.000000	0.598203	0.000000
114.600000	1.713672e-17	0.000000e+00	0.402034	0.000000	0.597966	0.000000
114.620000	1.765727e-17	0.000000e+00	0.402271	0.000000	0.597729	0.000000
114.640000	1.789481e-17	0.000000e+00	0.402508	0.000000	0.597492	0.000000
114.660000	1.707137e-17	0.000000e+00	0.402746	0.000000	0.597254	0.000000
114.680000	1.885474e-17	0.000000e+00	0.402983	0.000000	0.597017	0.000000
114.700000	1.583851e-17	0.000000e+00	0.403220	0.000000	0.596780	0.000000
114.720000	1.781826e-17	0.000000e+00	0.403458	0.000000	0.596542	0.000000
114.740000	1.766446e-17	0.000000e+00	0.403695	0.000000	0.596305	0.000000
114.760000	1.728617e-17	0.000000e+00	0.403932	0.000000	0.596068	0.000000
114.780000	1.725420e-17	0.000000e+00	0.404169	0.000000	0.595831	0.000000
114.800000	1.716291e-17	0.000000e+00	0.404407	0.000000	0.595593	0.000000
114.820000	1.770430e-17	0.000000e+00	0.404644	0.000000	0.595356	0.000000
114.840000	1.786232e-17	0.000000e+00	0.404881	0.000000	0.595119	0.000000
114.860000	1.824312e-17	0.000000e+00	0.405119	0.000000	0.594881	0.000000
114.880000	1.986642e-17	0.000000e+00	0.405356	0.000000	0.594644	0.000000
114.900000	2.088623e-17	0.000000e+00	0.405593	0.000000	0.594407	0.000000
114.920000	2.035361e-17	0.000000e+00	0.405831	0.000000	0.594169	0.000000
114.940000	2.176493e-17	0.000000e+00	0.406068	0.000000	0.593932	0.000000
